%YAML:1.0
---
image_width: 1280
image_height: 720
camera_matrix: !!opencv-matrix
   rows: 3
   cols: 3
   dt: d
   data: [1304.352166, 0.0, 641.651134, 0.0, 1309.966108, 355.185531, 0.0, 0.0, 1.0]
distortion_coefficients: !!opencv-matrix
   rows: 1
   cols: 5
   dt: d
   data: [0.220656, -0.086662, -0.049715, 0.004611, 0.000000]
rectification_matrix: !!opencv-matrix
   rows: 3
   cols: 3
   dt: d
   data: [1.0, 0.0, 0.0, 0.0, 1.0, 0.0, 0.0, 0.0, 1.0]
projection_matrix: !!opencv-matrix
   rows: 3
   cols: 4
   dt: d
   data: [1138.312411, 0.0, 645.387579, 0.0, 0.0, 1107.941000, 246.016570, 0.0, 0.0, 0.0, 1.0, 0.0]
